1.399781709235000017e+05
1.421086040845300013e+05
4.984617807431099936e+04
5.334933353919300134e+04
4.847361880893600028e+04
5.334055892458400194e+04
5.716077967646299840e+03
1.012198828836800021e+04
1.550665241447900007e+04
1.351533188078400053e+04
1.422011629397899924e+04
9.624247070327799520e+03
1.394481881964599961e+04
9.008783617393699387e+03
1.256449405032100003e+04
9.660486893387400414e+03
1.268458431419699991e+04
8.478466561697399811e+03
1.787775465872000132e+04
1.804511413366299894e+04
1.783376904813000147e+04
1.686670622360899870e+04
1.683881468163099998e+04
1.594087073478200000e+04
1.781421927995299848e+04
1.551305735135000032e+04
1.575696143582699915e+04
1.791353933764899921e+04
1.319495550927200020e+04
1.758582004766899990e+04
1.617739300074200037e+04
1.761433048825999867e+04
1.884550790327199866e+04
1.733996674286800044e+04
1.623919689336199917e+04
1.959350351749800029e+04
1.636892745010100043e+04
1.626440588909500002e+04
1.542590791682599956e+04
1.544226052673900085e+04
1.540079439251099939e+04
1.979304175966500043e+04
1.494682295045399951e+04
1.588940513118200033e+04
1.250481704772199919e+04
1.916505726977399900e+04
1.461683100710100007e+04
1.878078310840999984e+04
1.449558586750200084e+04
1.569949593741699937e+04
1.728308027198999844e+04
1.902541299325900036e+04
1.326687757048200001e+04
1.647261401143100011e+04
1.589054960680300064e+04
1.753493673095600025e+04
1.774301845663499989e+04
1.918792752056799873e+04
1.078939297493500089e+04
1.795364381190900167e+04
1.306249530266299917e+04
1.474405173667099916e+04
1.704765890847699848e+04
1.772159428481500072e+04
1.702605930791699939e+04
1.700030259813999874e+04
1.734523896572100057e+04
1.896702338214300107e+04
1.611788662794400079e+04
1.723467825561399877e+04
1.837846436842500043e+04
1.450635568072599926e+04
2.006256113647600068e+04
1.725380511290700088e+04
1.862976862241400158e+04
2.022168132828500165e+04
1.949243037729899879e+04
1.818166162873899884e+04
1.707930738331799876e+04
1.606901993604500058e+04
1.871623913694200019e+04
1.886984798142499858e+04
1.999181256185199891e+04
1.720443674228600139e+04
1.619175186134300020e+04
1.782088027734700154e+04
2.080060302237799988e+04
1.572604921840399948e+04
1.773207125761399948e+04
1.750535715564700149e+04
1.834820760169899950e+04
1.689017558691199883e+04
1.994800963509199937e+04
1.704842415941299987e+04
1.780177543142099967e+04
1.651141766326099969e+04
1.640412715871500041e+04
1.887669901756900072e+04
1.913811736375499822e+04
1.660773380524199820e+04
