1.400334643596000096e+05
1.385823699616400118e+05
4.937213026738700137e+04
5.238480298144400149e+04
4.884323736098300287e+04
4.858190742185099953e+04
5.227312223212299614e+03
9.256681028339500699e+03
1.398590435881899975e+04
1.359828839710200009e+04
1.347072403354299968e+04
1.117577880625999933e+04
1.361899966421499994e+04
9.855620959632200538e+03
1.426003769857699990e+04
1.050426865217299928e+04
1.404958019331700052e+04
1.084213581069099928e+04
2.010964487189099964e+04
1.911948076828899866e+04
1.919077878262000013e+04
1.839841212622099920e+04
1.770763046921299974e+04
1.775782549091200053e+04
2.000013041329599946e+04
1.429346084953500031e+04
1.380940622299999995e+04
1.608268302960400069e+04
1.412254245410099975e+04
1.430392959254900052e+04
1.675355078533599954e+04
1.522467056236099961e+04
1.605656070880299922e+04
1.414800763428100072e+04
1.777844107239799996e+04
1.878693539386799966e+04
1.730015895079699840e+04
1.735363364235200061e+04
1.547758609321999938e+04
1.480934844705999967e+04
1.930757343439599936e+04
1.583552754110299975e+04
1.611494854386299994e+04
1.966935013937099939e+04
1.797467784095499883e+04
1.364190297118700073e+04
1.800732868211599998e+04
1.631847825299100077e+04
1.714690067761799946e+04
1.519103376336300062e+04
1.508191326671599927e+04
1.807705805705300008e+04
1.962865862681699946e+04
1.458309245265299978e+04
1.670703783647900127e+04
1.917152703156999996e+04
1.684625297656800103e+04
2.104362427979700078e+04
1.896685248773499916e+04
2.047559222256000066e+04
1.728113248605300032e+04
1.594712563450900052e+04
2.029454726531200140e+04
1.594234217558599994e+04
1.960438204495299942e+04
1.951409948675600026e+04
1.658638996716100155e+04
1.700646525145700070e+04
1.741558740828399823e+04
1.701964678847100004e+04
1.663078306819299905e+04
1.607038426153799992e+04
1.510526320645099986e+04
1.552752128041700053e+04
2.010233341075700082e+04
1.712089181272100177e+04
1.572821901874899959e+04
1.917331829997499881e+04
1.415636340291700071e+04
1.728864574256500055e+04
1.399281760578200010e+04
1.612239935301399964e+04
1.979112817089899909e+04
1.665186886776599931e+04
1.378523437641000055e+04
1.683696649308600172e+04
1.435063625168100043e+04
1.565050458797099964e+04
1.367986169741999947e+04
1.618512138548599978e+04
1.482688670583999919e+04
1.634979742172199985e+04
1.792911891447699963e+04
1.309602375842100082e+04
1.671309147014699920e+04
1.301700530708800034e+04
1.814471647522700005e+04
1.786204456635400129e+04
1.642952555538099841e+04
1.543314720114599913e+04
