1.398517621066000138e+05
1.413057899854099960e+05
4.807751928889499686e+04
5.015361243998900318e+04
5.135467690307000157e+04
5.525980987094099692e+04
8.641224202085699289e+03
8.407143593510500068e+03
1.660690489006200005e+04
1.398769272752799952e+04
1.595581052790099966e+04
9.289472982880399286e+03
1.402031731588100047e+04
9.762674916065199795e+03
1.423755983790900063e+04
9.005285725048899621e+03
1.411534832706400084e+04
1.021750338496500081e+04
1.774798881581000023e+04
1.759791684273300052e+04
1.767706871990700165e+04
1.746848280395400070e+04
1.743664288742400095e+04
1.684909373785199932e+04
1.762979731483299838e+04
1.726413765897999838e+04
1.738172952009900109e+04
1.792189539486200010e+04
1.642354582374000165e+04
1.932565905050799847e+04
1.747497293552599876e+04
1.680770398350500182e+04
1.474466464875599922e+04
1.790557522419000088e+04
1.432996783417000006e+04
1.786504279666599905e+04
1.964579178860400134e+04
1.981030951348600138e+04
2.045696838023699820e+04
1.991499740334500166e+04
1.828022168943400175e+04
1.794516155491899917e+04
2.085102292201200180e+04
1.881302985564399933e+04
2.064466337677499905e+04
1.825750832728499881e+04
1.665084682864500064e+04
1.880260063025699856e+04
1.982774884564600143e+04
1.620158177588500075e+04
1.955698451082699830e+04
1.867929613633600093e+04
1.975233524038800169e+04
2.077702787912499844e+04
1.811508569604299919e+04
1.857131353935399966e+04
1.895924558747899937e+04
2.002589139937299842e+04
1.905445023752300040e+04
1.992286999704000118e+04
2.067571684489900144e+04
1.812122846032500092e+04
2.006589015976600058e+04
1.610681620868900063e+04
1.686858156153899836e+04
1.921555415759699827e+04
1.748060209808799846e+04
1.620351952043200072e+04
1.795099919380600113e+04
1.881280941019699821e+04
1.824497211696899831e+04
2.142657591859199965e+04
1.931183955623099973e+04
2.062031308342199918e+04
1.711633298898100111e+04
1.850844262074099970e+04
1.861312862714700168e+04
1.757686023762300101e+04
1.552011344017800002e+04
1.902075262106700029e+04
1.772876813141599996e+04
1.608521735179899952e+04
1.602713183605000086e+04
1.723892109537099896e+04
1.869451061939599822e+04
2.066452951932300130e+04
2.012566908787500142e+04
1.965470267365000109e+04
1.553188032688999920e+04
2.140865248575900114e+04
2.151934338182799911e+04
2.189392946041799951e+04
1.832441509400799987e+04
1.788317197901499821e+04
1.845936151513599907e+04
1.783299563587100056e+04
1.585688164192399927e+04
1.906720241357999839e+04
1.874354501999900094e+04
2.184670308242100145e+04
