1.389705639682099863e+05
1.418562606687099906e+05
5.134886507797199738e+04
4.824427320699200209e+04
5.187467112056000042e+04
4.961371370574700268e+04
8.115640259868700014e+03
6.719527492777299813e+03
1.345511878898000032e+04
1.346124434388100053e+04
1.339073909221800022e+04
1.016434323056399990e+04
1.355226700292100031e+04
1.074152512312299950e+04
1.317038240497399966e+04
1.013506600737900044e+04
1.437381380367500060e+04
9.712600996442999531e+03
1.789169916751200071e+04
1.818481102493299841e+04
1.771486004542400042e+04
1.806497547631099951e+04
1.720713766849400054e+04
1.621030123769300008e+04
1.737785994655900140e+04
1.790289520841099875e+04
1.590717968057399958e+04
1.848523999199700120e+04
1.495523000617300022e+04
1.889506822898600149e+04
1.257465508616400075e+04
1.488794750338599988e+04
1.721577824587099894e+04
1.825626890830599950e+04
1.825580029170100170e+04
1.840733030433800013e+04
1.671794394048899994e+04
2.560096252105800158e+04
1.937453153694499997e+04
1.574575542425300046e+04
1.756845479588899980e+04
1.513092238165900017e+04
1.691399344021100114e+04
1.559122300776799966e+04
1.572914455995699973e+04
1.322659595237400026e+04
1.686568849946699993e+04
1.527033256247099962e+04
1.581829719287999978e+04
1.968975519053400058e+04
1.904938278460299989e+04
1.980338663583699963e+04
1.697015010292499937e+04
1.961555184997800097e+04
1.508906483850800032e+04
1.710295131228899845e+04
1.550625242662200071e+04
1.716473405333499977e+04
1.713403341327000089e+04
1.606569867928799977e+04
1.929696235594400059e+04
1.906468231944799845e+04
1.536403232713599937e+04
1.819745928062099847e+04
1.644385915537899928e+04
1.614563682146099927e+04
1.655142700764999972e+04
2.060425280427100006e+04
1.628269074009399992e+04
1.952844134526400012e+04
1.611559759677600050e+04
1.691503098920100092e+04
1.763478034949900029e+04
1.889878671923200091e+04
2.073530601705699883e+04
1.948112638139200135e+04
1.852852786374200150e+04
1.677042507009399924e+04
1.888082153617400036e+04
1.903504778319199977e+04
1.769171039581700097e+04
1.961364360623999892e+04
1.890114431568700093e+04
1.920888009627299834e+04
2.061294317723600034e+04
1.677836843832299928e+04
1.803994244388299921e+04
1.891838734369599842e+04
2.124755945760399845e+04
1.846890643853299844e+04
2.017265571800399994e+04
1.864797273505100020e+04
2.005585899614500158e+04
2.065519610939300037e+04
2.095832380536799974e+04
2.003367156482499922e+04
1.965328389044900177e+04
2.006294973137299894e+04
2.195685448269300105e+04
1.886486450136799976e+04
